# Simple Voice Chat volume config

radios=2.507246376811595
speakers=2.608695652173913
transceivers=2.492753623188405
walkies=2.710144927536231
